n = 1, time = 1427401697.244940
signum = 14, iteration count = 415817247, time difference = 5001 ms
iterations/unit time = 83146.820312
n = 2, time = 1427401702.246006
signum = 14, iteration count = 424984212, time difference = 5001 ms
iterations/unit time = 84979.851562
n = 3, time = 1427401707.247028
signum = 14, iteration count = 424388721, time difference = 5001 ms
iterations/unit time = 84860.773438
n = 4, time = 1427401712.248056
signum = 14, iteration count = 424450984, time difference = 5001 ms
iterations/unit time = 84873.218750
